CODE,TOTAL,POS,NEG
1135,9,2,7
2029,15,2,13
2030,16,4,12
2052,2,2,0
2,4,4,0
3437,5,3,2
3543,0,0,0
3603,0,0,0
3666,1,1,0
3669,0,0,0
3670,3,3,0
3671,4,3,1
3675,2,0,2
3685,15,13,2
3687,2,1,1
3688,1,1,0
3691,7,4,3
3693,1,1,0
3698,1,0,1
4039,13,7,6
4085,5,3,2
4266,12,9,3
4267,8,7,1
4276,2,2,0
4290,29,22,7
4307,6,6,0
4311,6,5,1
4332,0,0,0
4333,1,1,0
BCAC2020BC,7,2,5
CMDKP2018AF,7,6,1
GCST003763,1,0,1
GCST008057,6,3,3
GCST009131,7,2,5
GCST009158,5,1,4
GCST009541,4,4,0
GCST010003,54,10,44
GCST011364,8,7,1
GCST90011766,10,5,5
GCST90011808,4,1,3
GCST90011809,5,1,4
GCST90011810,0,0,0
GCST90011811,0,0,0
GCST90011812,0,0,0
GCST90011816,3,0,3
GCST90011817,0,0,0
GCST90011819,2,2,0
GCST90011820,2,1,1
GCST90013410,7,1,6
GCST90014023,16,10,6
GCST90061440,19,7,12
GCST90129435,0,0,0
GCST90129439,1,1,0
GCST90129442,11,8,3
GCST90132223,12,6,6
PGC2019ALCUSE,25,7,18
PGC2019AN,5,0,5
PGC2019ASD,7,4,3
PGC2019MDD,25,15,10
PGC2019PTSD,2,2,0
PGC2021ALZwoUKBB,6,3,3
PGC2022SCZ,29,14,15
